"Time (h)    ","1D and 2D:  ","H Vol In    ","H Vol Out   ","Q Vol In    ","Q Vol Out   ","Tot Vol In  ","Tot Vol Out ","Vol I-O     ","dVol        ","Vol Err     ","Q ME (%)    ","Vol I+O     ","Tot Vol     ","Cum Vol I+O ","Cum Vol Err ","Cum ME (%)  ","Cum Q ME (%)"
         0.000,              ,  0.000000    ,  0.000000    ,  0.000000    ,  0.000000    ,  0.000000    ,  0.000000    ,  0.000000    ,  0.000000    ,  0.000000    ,  0.000000    ,  0.000000    ,  0.000000    ,  0.000000    ,  0.000000    ,  0.000000    ,  0.000000    
         0.083,              ,  0.000000    ,  0.000000    ,  175.1249    ,  0.000000    ,  175.1249    ,  0.000000    ,  175.1249    ,  175.1248    ,-0.1402944E-04,-0.8011107E-05,  175.1249    ,  175.1248    ,  175.1249    ,-0.1402944E-04,-0.8011107E-05,-0.8011107E-05
         0.167,              ,  0.000000    , 0.1616433    ,  199.9678    ,  0.000000    ,  199.9678    , 0.1616433    ,  199.8061    ,  199.8062    , 0.5560409E-04, 0.2778407E-04,  200.1294    ,  374.9310    ,  375.2543    , 0.4157465E-04, 0.1107906E-04, 0.1107906E-04
         0.250,              ,  0.000000    ,  13.50975    ,  5666.993    ,  0.000000    ,  5666.993    ,  13.50975    ,  5653.484    ,  5653.439    ,-0.4493428E-01,-0.7910265E-03,  5680.503    ,  6028.370    ,  6055.757    ,-0.4489271E-01,-0.7413228E-03,-0.7413228E-03
         0.333,              ,  0.000000    ,  243.7024    ,  11985.56    ,  0.000000    ,  11985.56    ,  243.7024    ,  11741.86    ,  11741.79    ,-0.7023415E-01,-0.5743122E-03,  12229.27    ,  17770.16    ,  18285.02    ,-0.1151269    ,-0.6296238E-03,-0.6296238E-03
         0.417,              ,  0.000000    ,  1224.516    ,  6851.716    ,  0.000000    ,  6851.716    ,  1224.516    ,  5627.199    ,  5627.133    ,-0.6649731E-01,-0.8233705E-03,  8076.232    ,  23397.29    ,  26361.26    ,-0.1816242    ,-0.6889815E-03,-0.6889815E-03
         0.500,              ,  0.000000    ,  1275.085    ,  2041.190    ,  0.000000    ,  2041.190    ,  1275.085    ,  766.1048    ,  766.1113    , 0.6559610E-02, 0.1978006E-03,  3316.274    ,  24163.40    ,  29677.53    ,-0.1750646    ,-0.5898892E-03,-0.5898892E-03
         0.583,              ,  0.000000    ,  784.7603    ,  1398.913    ,  0.000000    ,  1398.913    ,  784.7603    ,  614.1527    ,  614.1387    ,-0.1400455E-01,-0.6413299E-03,  2183.673    ,  24777.54    ,  31861.20    ,-0.1890691    ,-0.5934148E-03,-0.5934148E-03
         0.667,              ,  0.000000    ,  532.6966    ,  3002.400    ,  0.000000    ,  3002.400    ,  532.6966    ,  2469.703    ,  2469.689    ,-0.1390835E-01,-0.3934361E-03,  3535.097    ,  27247.23    ,  35396.30    ,-0.2029775    ,-0.5734426E-03,-0.5734426E-03
         0.750,              ,  0.000000    ,  522.7433    ,  2360.109    ,  0.000000    ,  2360.109    ,  522.7433    ,  1837.366    ,  1837.342    ,-0.2423692E-01,-0.8407269E-03,  2882.853    ,  29084.57    ,  38279.15    ,-0.2272144    ,-0.5935721E-03,-0.5935721E-03
         0.833,              ,  0.000000    ,  514.1922    ,  0.000000    ,  0.000000    ,  0.000000    ,  514.1922    , -514.1922    , -514.1875    , 0.4711692E-02, 0.9163290E-03,  514.1922    ,  28570.39    ,  38793.34    ,-0.2225027    ,-0.5735589E-03,-0.5735589E-03
         0.917,              ,  0.000000    ,  393.9519    ,  0.000000    ,  0.000000    ,  0.000000    ,  393.9519    , -393.9519    , -393.9531    ,-0.1221168E-02,-0.3099789E-03,  393.9519    ,  28176.43    ,  39187.30    ,-0.2237238    ,-0.5709091E-03,-0.5709091E-03
         1.000,              ,  0.000000    ,  255.3783    ,  0.000000    ,  0.000000    ,  0.000000    ,  255.3783    , -255.3783    , -255.3730    , 0.5303025E-02, 0.2076537E-02,  255.3783    ,  27921.06    ,  39442.67    ,-0.2184208    ,-0.5537678E-03,-0.5537678E-03
         1.083,              ,  0.000000    ,  157.0439    ,  0.000000    ,  0.000000    ,  0.000000    ,  157.0439    , -157.0439    , -157.0488    ,-0.4936479E-02,-0.3143375E-02,  157.0439    ,  27764.01    ,  39599.72    ,-0.2233573    ,-0.5640376E-03,-0.5640376E-03
         1.167,              ,  0.000000    ,  97.40153    ,  0.000000    ,  0.000000    ,  0.000000    ,  97.40153    , -97.40153    , -97.39844    , 0.3090706E-02, 0.3173159E-02,  97.40153    ,  27666.61    ,  39697.12    ,-0.2202666    ,-0.5548680E-03,-0.5548680E-03
         1.250,              ,  0.000000    ,  63.43757    ,  0.000000    ,  0.000000    ,  0.000000    ,  63.43757    , -63.43757    , -63.43555    , 0.2019212E-02, 0.3182991E-02,  63.43757    ,  27603.18    ,  39760.56    ,-0.2182474    ,-0.5489042E-03,-0.5489042E-03
         1.333,              ,  0.000000    ,  42.62370    ,  0.000000    ,  0.000000    ,  0.000000    ,  42.62370    , -42.62370    , -42.62500    ,-0.1304955E-02,-0.3061572E-02,  42.62370    ,  27560.55    ,  39803.18    ,-0.2195523    ,-0.5515950E-03,-0.5515950E-03
         1.417,              ,  0.000000    ,  29.21456    ,  0.000000    ,  0.000000    ,  0.000000    ,  29.21456    , -29.21456    , -29.21094    , 0.3618203E-02, 0.1238493E-01,  29.21456    ,  27531.34    ,  39832.40    ,-0.2159341    ,-0.5421069E-03,-0.5421069E-03
         1.500,              ,  0.000000    ,  19.82940    ,  0.000000    ,  0.000000    ,  0.000000    ,  19.82940    , -19.82940    , -19.83203    ,-0.2626531E-02,-0.1324564E-01,  19.82940    ,  27511.51    ,  39852.23    ,-0.2185607    ,-0.5484277E-03,-0.5484277E-03
         1.583,              ,  0.000000    ,  13.15326    ,  0.000000    ,  0.000000    ,  0.000000    ,  13.15326    , -13.15326    , -13.15430    ,-0.1033964E-02,-0.7860895E-02,  13.15326    ,  27498.36    ,  39865.38    ,-0.2195946    ,-0.5508404E-03,-0.5508404E-03
         1.667,              ,  0.000000    ,  7.904793    ,  0.000000    ,  0.000000    ,  0.000000    ,  7.904793    , -7.904793    , -7.902344    , 0.2449605E-02, 0.3098885E-01,  7.904793    ,  27490.45    ,  39873.28    ,-0.2171450    ,-0.5445878E-03,-0.5445878E-03
         1.750,              ,  0.000000    ,  5.195377    ,  0.000000    ,  0.000000    ,  0.000000    ,  5.195377    , -5.195377    , -5.197266    ,-0.1888867E-02,-0.3635668E-01,  5.195377    ,  27485.26    ,  39878.48    ,-0.2190339    ,-0.5492534E-03,-0.5492534E-03
         1.833,              ,  0.000000    ,  3.504709    ,  0.000000    ,  0.000000    ,  0.000000    ,  3.504709    , -3.504709    , -3.500000    , 0.4709249E-02, 0.1343692    ,  3.504709    ,  27481.76    ,  39881.98    ,-0.2143246    ,-0.5373971E-03,-0.5373971E-03
         1.917,              ,  0.000000    ,  2.369300    ,  0.000000    ,  0.000000    ,  0.000000    ,  2.369300    , -2.369300    , -2.373047    ,-0.3747181E-02,-0.1581556    ,  2.369300    ,  27479.38    ,  39884.35    ,-0.2180718    ,-0.5467603E-03,-0.5467603E-03
         2.000,              ,  0.000000    ,  1.490830    ,  0.000000    ,  0.000000    ,  0.000000    ,  1.490830    , -1.490830    , -1.488281    , 0.2548719E-02, 0.1709597    ,  1.490830    ,  27477.89    ,  39885.84    ,-0.2155231    ,-0.5403499E-03,-0.5403499E-03
