"Time (h)    ","1D and 2D:  ","H Vol In    ","H Vol Out   ","Q Vol In    ","Q Vol Out   ","Tot Vol In  ","Tot Vol Out ","Vol I-O     ","dVol        ","Vol Err     ","Q ME (%)    ","Vol I+O     ","Tot Vol     ","Cum Vol I+O ","Cum Vol Err ","Cum ME (%)  ","Cum Q ME (%)"
         0.000,              ,  0.000000    ,  0.000000    ,  0.000000    ,  0.000000    ,  0.000000    ,  0.000000    ,  0.000000    ,  0.000000    ,  0.000000    ,  0.000000    ,  0.000000    ,  0.000000    ,  0.000000    ,  0.000000    ,  0.000000    ,  0.000000    
         0.083,              ,  0.000000    ,  0.000000    ,  99.37461    ,  0.000000    ,  99.37461    ,  0.000000    ,  99.37461    ,  99.37460    ,-0.9659666E-05,-0.9720457E-05,  99.37461    ,  99.37460    ,  99.37461    ,-0.9659666E-05,-0.9720457E-05,-0.9720457E-05
         0.167,              ,  0.000000    , 0.2653117E-01,  232.0022    ,  0.000000    ,  232.0022    , 0.2653117E-01,  231.9757    ,  231.9757    , 0.3768422E-05, 0.1624119E-05,  232.0287    ,  331.3503    ,  331.4033    ,-0.5891243E-05,-0.1777666E-05,-0.1777666E-05
         0.250,              ,  0.000000    , 0.7153760    ,  442.1456    ,  0.000000    ,  442.1456    , 0.7153760    ,  441.4302    ,  441.4324    , 0.2166505E-02, 0.4892066E-03,  442.8610    ,  772.7827    ,  774.2643    , 0.2160614E-02, 0.2790538E-03, 0.2790538E-03
         0.333,              ,  0.000000    ,  16.93037    ,  5327.285    ,  0.000000    ,  5327.285    ,  16.93037    ,  5310.355    ,  5310.371    , 0.1555684E-01, 0.2910969E-03,  5344.216    ,  6083.153    ,  6118.480    , 0.1771746E-01, 0.2895729E-03, 0.2895729E-03
         0.417,              ,  0.000000    ,  122.5970    ,  3624.815    ,  0.000000    ,  3624.815    ,  122.5970    ,  3502.218    ,  3502.207    ,-0.1105838E-01,-0.2950937E-03,  3747.412    ,  9585.360    ,  9865.892    , 0.6659083E-02, 0.6749600E-04, 0.6749600E-04
         0.500,              ,  0.000000    ,  471.7337    ,  3624.813    ,  0.000000    ,  3624.813    ,  471.7337    ,  3153.080    ,  3153.069    ,-0.1033187E-01,-0.2522092E-03,  4096.547    ,  12738.43    ,  13962.44    ,-0.3672787E-02,-0.2630476E-04,-0.2630476E-04
         0.583,              ,  0.000000    ,  585.7525    ,  1073.525    ,  0.000000    ,  1073.525    ,  585.7525    ,  487.7725    ,  487.7725    , 0.3460184E-05, 0.2085356E-06,  1659.277    ,  13226.20    ,  15621.72    ,-0.3669326E-02,-0.2348862E-04,-0.2348862E-04
         0.667,              ,  0.000000    ,  480.2483    ,  2771.098    ,  0.000000    ,  2771.098    ,  480.2483    ,  2290.850    ,  2290.835    ,-0.1516432E-01,-0.4664013E-03,  3251.347    ,  15517.04    ,  18873.06    ,-0.1883365E-01,-0.9979116E-04,-0.9979116E-04
         0.750,              ,  0.000000    ,  388.3815    ,  510.9596    ,  0.000000    ,  510.9596    ,  388.3815    ,  122.5781    ,  122.5811    , 0.2998948E-02, 0.3334606E-03,  899.3411    ,  15639.62    ,  19772.40    ,-0.1583470E-01,-0.8008485E-04,-0.8008485E-04
         0.833,              ,  0.000000    ,  424.0982    ,  9289.961    ,  0.000000    ,  9289.961    ,  424.0982    ,  8865.862    ,  8865.835    ,-0.2745793E-01,-0.2826618E-03,  9714.059    ,  24505.45    ,  29486.46    ,-0.4329263E-01,-0.1468220E-03,-0.1468220E-03
         0.917,              ,  0.000000    ,  796.6495    ,  6600.420    ,  0.000000    ,  6600.420    ,  796.6495    ,  5803.771    ,  5803.820    , 0.4974341E-01, 0.6724746E-03,  7397.070    ,  30309.27    ,  36883.53    , 0.6450783E-02, 0.1748960E-04, 0.1748960E-04
         1.000,              ,  0.000000    ,  1193.414    ,  4049.188    ,  0.000000    ,  4049.188    ,  1193.414    ,  2855.773    ,  2855.773    , 0.3151894E-03, 0.6012079E-05,  5242.602    ,  33165.05    ,  42126.13    , 0.6765972E-02, 0.1606122E-04, 0.1606122E-04
         1.083,              ,  0.000000    ,  1087.413    ,  0.000000    ,  0.000000    ,  0.000000    ,  1087.413    , -1087.413    , -1087.412    , 0.8290769E-03, 0.7624306E-04,  1087.413    ,  32077.63    ,  43213.55    , 0.7595049E-02, 0.1757562E-04, 0.1757562E-04
         1.167,              ,  0.000000    ,  678.9720    ,  0.000000    ,  0.000000    ,  0.000000    ,  678.9720    , -678.9720    , -678.9648    , 0.7169205E-02, 0.1055891E-02,  678.9720    ,  31398.67    ,  43892.52    , 0.1476425E-01, 0.3363729E-04, 0.3363729E-04
         1.250,              ,  0.000000    ,  370.4949    ,  0.000000    ,  0.000000    ,  0.000000    ,  370.4949    , -370.4949    , -370.4922    , 0.2662778E-02, 0.7187085E-03,  370.4949    ,  31028.18    ,  44263.01    , 0.1742703E-01, 0.3937155E-04, 0.3937155E-04
         1.333,              ,  0.000000    ,  204.9104    ,  0.000000    ,  0.000000    ,  0.000000    ,  204.9104    , -204.9104    , -204.9141    ,-0.3704859E-02,-0.1808039E-02,  204.9104    ,  30823.26    ,  44467.93    , 0.1372217E-01, 0.3085859E-04, 0.3085859E-04
         1.417,              ,  0.000000    ,  120.0766    ,  0.000000    ,  0.000000    ,  0.000000    ,  120.0766    , -120.0766    , -120.0840    ,-0.7345924E-02,-0.6117696E-02,  120.0766    ,  30703.18    ,  44588.00    , 0.6376249E-02, 0.1430037E-04, 0.1430037E-04
         1.500,              ,  0.000000    ,  75.62900    ,  0.000000    ,  0.000000    ,  0.000000    ,  75.62900    , -75.62900    , -75.62695    , 0.2047703E-02, 0.2707563E-02,  75.62900    ,  30627.55    ,  44663.63    , 0.8423952E-02, 0.1886088E-04, 0.1886088E-04
         1.583,              ,  0.000000    ,  50.31261    ,  0.000000    ,  0.000000    ,  0.000000    ,  50.31261    , -50.31261    , -50.30469    , 0.7919115E-02, 0.1573982E-01,  50.31261    ,  30577.25    ,  44713.94    , 0.1634307E-01, 0.3655027E-04, 0.3655027E-04
         1.667,              ,  0.000000    ,  34.54421    ,  0.000000    ,  0.000000    ,  0.000000    ,  34.54421    , -34.54421    , -34.55078    ,-0.6574969E-02,-0.1903350E-01,  34.54421    ,  30542.70    ,  44748.49    , 0.9768098E-02, 0.2182889E-04, 0.2182889E-04
         1.750,              ,  0.000000    ,  23.89262    ,  0.000000    ,  0.000000    ,  0.000000    ,  23.89262    , -23.89262    , -23.89062    , 0.1993392E-02, 0.8343128E-02,  23.89262    ,  30518.81    ,  44772.38    , 0.1176149E-01, 0.2626952E-04, 0.2626952E-04
         1.833,              ,  0.000000    ,  16.41306    ,  0.000000    ,  0.000000    ,  0.000000    ,  16.41306    , -16.41306    , -16.41406    ,-0.9981172E-03,-0.6081236E-02,  16.41306    ,  30502.39    ,  44788.79    , 0.1076337E-01, 0.2403140E-04, 0.2403140E-04
         1.917,              ,  0.000000    ,  10.57316    ,  0.000000    ,  0.000000    ,  0.000000    ,  10.57316    , -10.57316    , -10.57422    ,-0.1057699E-02,-0.1000362E-01,  10.57316    ,  30491.82    ,  44799.37    , 0.9705673E-02, 0.2166475E-04, 0.2166475E-04
         2.000,              ,  0.000000    ,  7.255636    ,  0.000000    ,  0.000000    ,  0.000000    ,  7.255636    , -7.255636    , -7.255859    ,-0.2232175E-03,-0.3076471E-02,  7.255636    ,  30484.56    ,  44806.62    , 0.9482455E-02, 0.2116307E-04, 0.2116307E-04
         2.083,              ,  0.000000    ,  5.250621    ,  0.000000    ,  0.000000    ,  0.000000    ,  5.250621    , -5.250621    , -5.238281    , 0.1233945E-01, 0.2350093    ,  5.250621    ,  30479.32    ,  44811.87    , 0.2182190E-01, 0.4869670E-04, 0.4869670E-04
         2.167,              ,  0.000000    ,  3.884523    ,  0.000000    ,  0.000000    ,  0.000000    ,  3.884523    , -3.884523    , -3.890625    ,-0.6101814E-02,-0.1570801    ,  3.884523    ,  30475.43    ,  44815.76    , 0.1572009E-01, 0.3507714E-04, 0.3507714E-04
         2.250,              ,  0.000000    ,  2.818515    ,  0.000000    ,  0.000000    ,  0.000000    ,  2.818515    , -2.818515    , -2.816406    , 0.2108594E-02, 0.7481223E-01,  2.818515    ,  30472.62    ,  44818.58    , 0.1782868E-01, 0.3977967E-04, 0.3977967E-04
         2.333,              ,  0.000000    ,  2.202769    ,  0.000000    ,  0.000000    ,  0.000000    ,  2.202769    , -2.202769    , -2.207031    ,-0.4262544E-02,-0.1935084    ,  2.202769    ,  30470.41    ,  44820.78    , 0.1356614E-01, 0.3026752E-04, 0.3026752E-04
         2.417,              ,  0.000000    ,  1.908362    ,  0.000000    ,  0.000000    ,  0.000000    ,  1.908362    , -1.908362    , -1.898438    , 0.9924244E-02, 0.5200400    ,  1.908362    ,  30468.51    ,  44822.69    , 0.2349038E-01, 0.5240735E-04, 0.5240735E-04
         2.500,              ,  0.000000    ,  1.686303    ,  0.000000    ,  0.000000    ,  0.000000    ,  1.686303    , -1.686303    , -1.693359    ,-0.7056689E-02,-0.4184711    ,  1.686303    ,  30466.82    ,  44824.37    , 0.1643369E-01, 0.3666240E-04, 0.3666240E-04
         2.583,              ,  0.000000    ,  1.507033    ,  0.000000    ,  0.000000    ,  0.000000    ,  1.507033    , -1.507033    , -1.505859    , 0.1173292E-02, 0.7785442E-01,  1.507033    ,  30465.31    ,  44825.88    , 0.1760698E-01, 0.3927861E-04, 0.3927861E-04
         2.667,              ,  0.000000    ,  1.347722    ,  0.000000    ,  0.000000    ,  0.000000    ,  1.347722    , -1.347722    , -1.347656    , 0.6531329E-04, 0.4846201E-02,  1.347722    ,  30463.96    ,  44827.23    , 0.1767230E-01, 0.3942313E-04, 0.3942313E-04
         2.750,              ,  0.000000    ,  1.212744    ,  0.000000    ,  0.000000    ,  0.000000    ,  1.212744    , -1.212744    , -1.210938    , 0.1806535E-02, 0.1489626    ,  1.212744    ,  30462.75    ,  44828.44    , 0.1947883E-01, 0.4345195E-04, 0.4345195E-04
         2.833,              ,  0.000000    ,  1.096338    ,  0.000000    ,  0.000000    ,  0.000000    ,  1.096338    , -1.096338    , -1.093750    , 0.2588346E-02, 0.2360900    ,  1.096338    ,  30461.66    ,  44829.54    , 0.2206718E-01, 0.4922464E-04, 0.4922464E-04
         2.917,              ,  0.000000    , 0.9955661    ,  0.000000    ,  0.000000    ,  0.000000    , 0.9955661    ,-0.9955661    ,-0.9941406    , 0.1425506E-02,  0.000000    , 0.9955661    ,  30460.67    ,  44830.53    , 0.2349268E-01, 0.5240332E-04, 0.5240332E-04
         3.000,              ,  0.000000    , 0.9072083    ,  0.000000    ,  0.000000    ,  0.000000    , 0.9072083    ,-0.9072083    ,-0.9062500    , 0.9582592E-03,  0.000000    , 0.9072083    ,  30459.76    ,  44831.44    , 0.2445094E-01, 0.5453972E-04, 0.5453972E-04
