"Time (h)    ","1D and 2D:  ","H Vol In    ","H Vol Out   ","Q Vol In    ","Q Vol Out   ","Tot Vol In  ","Tot Vol Out ","Vol I-O     ","dVol        ","Vol Err     ","Q ME (%)    ","Vol I+O     ","Tot Vol     ","Cum Vol I+O ","Cum Vol Err ","Cum ME (%)  ","Cum Q ME (%)"
         0.000,              ,  0.000000    ,  0.000000    ,  0.000000    ,  0.000000    ,  0.000000    ,  0.000000    ,  0.000000    ,  0.000000    ,  0.000000    ,  0.000000    ,  0.000000    ,  0.000000    ,  0.000000    ,  0.000000    ,  0.000000    ,  0.000000    
         0.083,              ,  0.000000    ,  0.000000    ,  138.1802    ,  0.000000    ,  138.1802    ,  0.000000    ,  138.1802    ,  138.1802    ,-0.2072916E-04,-0.1500153E-04,  138.1802    ,  138.1802    ,  138.1802    ,-0.2072916E-04,-0.1500153E-04,-0.1500153E-04
         0.167,              ,  0.000000    , 0.8985142E-01,  155.4801    ,  0.000000    ,  155.4801    , 0.8985142E-01,  155.3903    ,  155.3903    , 0.1020218E-04, 0.6557939E-05,  155.5700    ,  293.5705    ,  293.7502    ,-0.1052697E-04,-0.3583648E-05,-0.3583648E-05
         0.250,              ,  0.000000    ,  2.414939    ,  2201.697    ,  0.000000    ,  2201.697    ,  2.414939    ,  2199.282    ,  2199.275    ,-0.6727592E-02,-0.3052292E-03,  2204.112    ,  2492.845    ,  2497.862    ,-0.6738119E-02,-0.2697555E-03,-0.2697555E-03
         0.333,              ,  0.000000    ,  26.33485    ,  3781.478    ,  0.000000    ,  3781.478    ,  26.33485    ,  3755.143    ,  3755.158    , 0.1462303E-01, 0.3840271E-03,  3807.813    ,  6248.003    ,  6305.675    , 0.7884915E-02, 0.1250447E-03, 0.1250447E-03
         0.417,              ,  0.000000    ,  181.0269    ,  5108.352    ,  0.000000    ,  5108.352    ,  181.0269    ,  4927.325    ,  4927.287    ,-0.3875637E-01,-0.7327207E-03,  5289.379    ,  11175.29    ,  11595.05    ,-0.3087146E-01,-0.2662468E-03,-0.2662468E-03
         0.500,              ,  0.000000    ,  537.5094    ,  1566.371    ,  0.000000    ,  1566.371    ,  537.5094    ,  1028.862    ,  1028.871    , 0.9326696E-02, 0.4433092E-03,  2103.881    ,  12204.16    ,  13698.93    ,-0.2154476E-01,-0.1572733E-03,-0.1572733E-03
         0.583,              ,  0.000000    ,  569.7545    ,  2893.200    ,  0.000000    ,  2893.200    ,  569.7545    ,  2323.445    ,  2323.446    , 0.9358314E-03, 0.2702407E-04,  3462.954    ,  14527.61    ,  17161.89    ,-0.2060893E-01,-0.1200854E-03,-0.1200854E-03
         0.667,              ,  0.000000    ,  487.5758    ,  2449.060    ,  0.000000    ,  2449.060    ,  487.5758    ,  1961.484    ,  1961.480    ,-0.3393084E-02,-0.1155432E-03,  2936.635    ,  16489.09    ,  20098.52    ,-0.2400201E-01,-0.1194218E-03,-0.1194218E-03
         0.750,              ,  0.000000    ,  444.4068    ,  2449.052    ,  0.000000    ,  2449.052    ,  444.4068    ,  2004.645    ,  2004.639    ,-0.6062746E-02,-0.2095329E-03,  2893.458    ,  18493.73    ,  22991.98    ,-0.3006476E-01,-0.1307619E-03,-0.1307619E-03
         0.833,              ,  0.000000    ,  416.6269    ,  1566.387    ,  0.000000    ,  1566.387    ,  416.6269    ,  1149.760    ,  1149.756    ,-0.3903673E-02,-0.1968556E-03,  1983.014    ,  19643.48    ,  24975.00    ,-0.3396843E-01,-0.1360098E-03,-0.1360098E-03
         0.917,              ,  0.000000    ,  359.9099    ,  678.0929    ,  0.000000    ,  678.0929    ,  359.9099    ,  318.1830    ,  318.1797    ,-0.3338746E-02,-0.3216510E-03,  1038.003    ,  19961.66    ,  26013.00    ,-0.3730718E-01,-0.1434174E-03,-0.1434174E-03
         1.000,              ,  0.000000    ,  286.5012    ,  1122.244    ,  0.000000    ,  1122.244    ,  286.5012    ,  835.7431    ,  835.7344    ,-0.8746505E-02,-0.6208718E-03,  1408.746    ,  20797.40    ,  27421.74    ,-0.4605368E-01,-0.1679459E-03,-0.1679459E-03
         1.083,              ,  0.000000    ,  246.7158    ,  2449.055    ,  0.000000    ,  2449.055    ,  246.7158    ,  2202.339    ,  2202.330    ,-0.8771394E-02,-0.3253761E-03,  2695.770    ,  22999.73    ,  30117.52    ,-0.5482508E-01,-0.1820372E-03,-0.1820372E-03
         1.167,              ,  0.000000    ,  258.4748    ,  2010.509    ,  0.000000    ,  2010.509    ,  258.4748    ,  1752.035    ,  1752.061    , 0.2592167E-01, 0.1142435E-02,  2268.984    ,  24751.79    ,  32386.50    ,-0.2890341E-01,-0.8924524E-04,-0.8924524E-04
         1.250,              ,  0.000000    ,  351.5446    ,  4664.123    ,  0.000000    ,  4664.123    ,  351.5446    ,  4312.578    ,  4312.615    , 0.3719389E-01, 0.7415543E-03,  5015.667    ,  29064.40    ,  37402.17    , 0.8290484E-02, 0.2216578E-04, 0.2216578E-04
         1.333,              ,  0.000000    ,  618.8792    ,  2893.155    ,  0.000000    ,  2893.155    ,  618.8792    ,  2274.276    ,  2274.320    , 0.4472131E-01, 0.1273373E-02,  3512.034    ,  31338.72    ,  40914.20    , 0.5301179E-01, 0.1295682E-03, 0.1295682E-03
         1.417,              ,  0.000000    ,  799.4357    ,  4664.132    ,  0.000000    ,  4664.132    ,  799.4357    ,  3864.696    ,  3864.730    , 0.3447046E-01, 0.6309149E-03,  5463.567    ,  35203.45    ,  46377.77    , 0.8748226E-01, 0.1886297E-03, 0.1886297E-03
         1.500,              ,  0.000000    ,  876.7197    ,  2449.064    ,  0.000000    ,  2449.064    ,  876.7197    ,  1572.345    ,  1572.328    ,-0.1647902E-01,-0.4954927E-03,  3325.784    ,  36775.78    ,  49703.55    , 0.7100324E-01, 0.1428535E-03, 0.1428535E-03
         1.583,              ,  0.000000    ,  763.6083    ,  0.000000    ,  0.000000    ,  0.000000    ,  763.6083    , -763.6083    , -763.6172    ,-0.8864427E-02,-0.1160860E-02,  763.6083    ,  36012.16    ,  50467.16    , 0.6213881E-01, 0.1231272E-03, 0.1231272E-03
         1.667,              ,  0.000000    ,  512.5771    ,  0.000000    ,  0.000000    ,  0.000000    ,  512.5771    , -512.5771    , -512.5664    , 0.1070799E-01, 0.2089049E-02,  512.5771    ,  35499.60    ,  50979.74    , 0.7284680E-01, 0.1428936E-03, 0.1428936E-03
         1.750,              ,  0.000000    ,  303.3658    ,  0.000000    ,  0.000000    ,  0.000000    ,  303.3658    , -303.3658    , -303.3633    , 0.2562582E-02, 0.8447169E-03,  303.3658    ,  35196.23    ,  51283.10    , 0.7540938E-01, 0.1470453E-03, 0.1470453E-03
         1.833,              ,  0.000000    ,  179.3956    ,  0.000000    ,  0.000000    ,  0.000000    ,  179.3956    , -179.3956    , -179.4023    ,-0.6700273E-02,-0.3734914E-02,  179.3956    ,  35016.83    ,  51462.50    , 0.6870911E-01, 0.1335130E-03, 0.1335130E-03
         1.917,              ,  0.000000    ,  110.2904    ,  0.000000    ,  0.000000    ,  0.000000    ,  110.2904    , -110.2904    , -110.2852    , 0.5258739E-02, 0.4768083E-02,  110.2904    ,  34906.55    ,  51572.79    , 0.7396785E-01, 0.1434242E-03, 0.1434242E-03
         2.000,              ,  0.000000    ,  72.13980    ,  0.000000    ,  0.000000    ,  0.000000    ,  72.13980    , -72.13980    , -72.13672    , 0.3083900E-02, 0.4274894E-02,  72.13980    ,  34834.41    ,  51644.93    , 0.7705175E-01, 0.1491952E-03, 0.1491952E-03
         2.083,              ,  0.000000    ,  49.07472    ,  0.000000    ,  0.000000    ,  0.000000    ,  49.07472    , -49.07472    , -49.08594    ,-0.1121797E-01,-0.2285896E-01,  49.07472    ,  34785.32    ,  51694.00    , 0.6583378E-01, 0.1273528E-03, 0.1273528E-03
         2.167,              ,  0.000000    ,  34.23563    ,  0.000000    ,  0.000000    ,  0.000000    ,  34.23563    , -34.23563    , -34.23047    , 0.5157346E-02, 0.1506427E-01,  34.23563    ,  34751.09    ,  51728.24    , 0.7099113E-01, 0.1372386E-03, 0.1372386E-03
         2.250,              ,  0.000000    ,  23.97160    ,  0.000000    ,  0.000000    ,  0.000000    ,  23.97160    , -23.97160    , -23.97266    ,-0.1060121E-02,-0.4422404E-02,  23.97160    ,  34727.12    ,  51752.21    , 0.6993100E-01, 0.1351266E-03, 0.1351266E-03
         2.333,              ,  0.000000    ,  16.63560    ,  0.000000    ,  0.000000    ,  0.000000    ,  16.63560    , -16.63560    , -16.63281    , 0.2788422E-02, 0.1676178E-01,  16.63560    ,  34710.49    ,  51768.85    , 0.7271943E-01, 0.1404695E-03, 0.1404695E-03
         2.417,              ,  0.000000    ,  10.88482    ,  0.000000    ,  0.000000    ,  0.000000    ,  10.88482    , -10.88482    , -10.88281    , 0.2003952E-02, 0.1841052E-01,  10.88482    ,  34699.61    ,  51779.73    , 0.7472338E-01, 0.1443101E-03, 0.1443101E-03
         2.500,              ,  0.000000    ,  7.777788    ,  0.000000    ,  0.000000    ,  0.000000    ,  7.777788    , -7.777788    , -7.777344    , 0.4442763E-03, 0.5712116E-02,  7.777788    ,  34691.83    ,  51787.51    , 0.7516765E-01, 0.1451463E-03, 0.1451463E-03
         2.583,              ,  0.000000    ,  5.773808    ,  0.000000    ,  0.000000    ,  0.000000    ,  5.773808    , -5.773808    , -5.777344    ,-0.3535713E-02,-0.6123710E-01,  5.773808    ,  34686.05    ,  51793.28    , 0.7163194E-01, 0.1383035E-03, 0.1383035E-03
         2.667,              ,  0.000000    ,  4.354990    ,  0.000000    ,  0.000000    ,  0.000000    ,  4.354990    , -4.354990    , -4.351562    , 0.3427792E-02, 0.7870953E-01,  4.354990    ,  34681.70    ,  51797.64    , 0.7505973E-01, 0.1449096E-03, 0.1449096E-03
         2.750,              ,  0.000000    ,  3.237270    ,  0.000000    ,  0.000000    ,  0.000000    ,  3.237270    , -3.237270    , -3.242188    ,-0.4917184E-02,-0.1518929    ,  3.237270    ,  34678.46    ,  51800.88    , 0.7014255E-01, 0.1354080E-03, 0.1354080E-03
         2.833,              ,  0.000000    ,  2.646168    ,  0.000000    ,  0.000000    ,  0.000000    ,  2.646168    , -2.646168    , -2.644531    , 0.1636551E-02, 0.6184608E-01,  2.646168    ,  34675.81    ,  51803.52    , 0.7177910E-01, 0.1385603E-03, 0.1385603E-03
         2.917,              ,  0.000000    ,  2.315066    ,  0.000000    ,  0.000000    ,  0.000000    ,  2.315066    , -2.315066    , -2.320312    ,-0.5246423E-02,-0.2266209    ,  2.315066    ,  34673.49    ,  51805.84    , 0.6653268E-01, 0.1284270E-03, 0.1284270E-03
         3.000,              ,  0.000000    ,  2.037820    ,  0.000000    ,  0.000000    ,  0.000000    ,  2.037820    , -2.037820    , -2.035156    , 0.2663909E-02, 0.1307235    ,  2.037820    ,  34671.46    ,  51807.87    , 0.6919659E-01, 0.1335639E-03, 0.1335639E-03
         3.083,              ,  0.000000    ,  1.807868    ,  0.000000    ,  0.000000    ,  0.000000    ,  1.807868    , -1.807868    , -1.804688    , 0.3180075E-02, 0.1759020    ,  1.807868    ,  34669.65    ,  51809.68    , 0.7237666E-01, 0.1396972E-03, 0.1396972E-03
         3.167,              ,  0.000000    ,  1.612712    ,  0.000000    ,  0.000000    ,  0.000000    ,  1.612712    , -1.612712    , -1.621094    ,-0.8381931E-02,-0.5197414    ,  1.612712    ,  34668.03    ,  51811.29    , 0.6399473E-01, 0.1235150E-03, 0.1235150E-03
         3.250,              ,  0.000000    ,  1.445377    ,  0.000000    ,  0.000000    ,  0.000000    ,  1.445377    , -1.445377    , -1.441406    , 0.3970618E-02, 0.2747116    ,  1.445377    ,  34666.59    ,  51812.74    , 0.6796535E-01, 0.1311750E-03, 0.1311750E-03
         3.333,              ,  0.000000    ,  1.301490    ,  0.000000    ,  0.000000    ,  0.000000    ,  1.301490    , -1.301490    , -1.300781    , 0.7084642E-03, 0.5443487E-01,  1.301490    ,  34665.29    ,  51814.04    , 0.6867381E-01, 0.1325390E-03, 0.1325390E-03
         3.417,              ,  0.000000    ,  1.176347    ,  0.000000    ,  0.000000    ,  0.000000    ,  1.176347    , -1.176347    , -1.171875    , 0.4471771E-02, 0.3801405    ,  1.176347    ,  34664.12    ,  51815.22    , 0.7314559E-01, 0.1411662E-03, 0.1411662E-03
         3.500,              ,  0.000000    ,  1.067400    ,  0.000000    ,  0.000000    ,  0.000000    ,  1.067400    , -1.067400    , -1.070312    ,-0.2912332E-02,-0.2728435    ,  1.067400    ,  34663.05    ,  51816.29    , 0.7023325E-01, 0.1355428E-03, 0.1355428E-03
         3.583,              ,  0.000000    , 0.9714406    ,  0.000000    ,  0.000000    ,  0.000000    , 0.9714406    ,-0.9714406    ,-0.9687500    , 0.2690615E-02,  0.000000    , 0.9714406    ,  34662.08    ,  51817.26    , 0.7292387E-01, 0.1407328E-03, 0.1407328E-03
         3.667,              ,  0.000000    , 0.8867935    ,  0.000000    ,  0.000000    ,  0.000000    , 0.8867935    ,-0.8867935    ,-0.8867188    , 0.7472614E-04,  0.000000    , 0.8867935    ,  34661.19    ,  51818.14    , 0.7299859E-01, 0.1408746E-03, 0.1408746E-03
         3.750,              ,  0.000000    , 0.8119640    ,  0.000000    ,  0.000000    ,  0.000000    , 0.8119640    ,-0.8119640    ,-0.8125000    ,-0.5360006E-03,  0.000000    , 0.8119640    ,  34660.38    ,  51818.96    , 0.7246259E-01, 0.1398380E-03, 0.1398380E-03
         3.833,              ,  0.000000    , 0.7455029    ,  0.000000    ,  0.000000    ,  0.000000    , 0.7455029    ,-0.7455029    ,-0.7500000    ,-0.4497129E-02,  0.000000    , 0.7455029    ,  34659.63    ,  51819.70    , 0.6796546E-01, 0.1311576E-03, 0.1311576E-03
         3.917,              ,  0.000000    , 0.6860658    ,  0.000000    ,  0.000000    ,  0.000000    , 0.6860658    ,-0.6860658    ,-0.6796875    , 0.6378319E-02,  0.000000    , 0.6860658    ,  34658.95    ,  51820.39    , 0.7434378E-01, 0.1434643E-03, 0.1434643E-03
         4.000,              ,  0.000000    , 0.6328144    ,  0.000000    ,  0.000000    ,  0.000000    , 0.6328144    ,-0.6328144    ,-0.6367188    ,-0.3904349E-02,  0.000000    , 0.6328144    ,  34658.31    ,  51821.02    , 0.7043944E-01, 0.1359283E-03, 0.1359283E-03
