"Time (h)    ","1D and 2D:  ","H Vol In    ","H Vol Out   ","Q Vol In    ","Q Vol Out   ","Tot Vol In  ","Tot Vol Out ","Vol I-O     ","dVol        ","Vol Err     ","Q ME (%)    ","Vol I+O     ","Tot Vol     ","Cum Vol I+O ","Cum Vol Err ","Cum ME (%)  ","Cum Q ME (%)"
         0.000,              ,  0.000000    ,  0.000000    ,  0.000000    ,  0.000000    ,  0.000000    ,  0.000000    ,  0.000000    ,  0.000000    ,  0.000000    ,  0.000000    ,  0.000000    ,  0.000000    ,  0.000000    ,  0.000000    ,  0.000000    ,  0.000000    
         0.083,              ,  0.000000    ,  0.000000    ,  183.1128    ,  0.000000    ,  183.1128    ,  0.000000    ,  183.1128    ,  183.1128    ,-0.2600589E-04,-0.1420211E-04,  183.1128    ,  183.1128    ,  183.1128    ,-0.2600589E-04,-0.1420211E-04,-0.1420211E-04
         0.167,              ,  0.000000    , 0.1797994    ,  261.6945    ,  0.000000    ,  261.6945    , 0.1797994    ,  261.5147    ,  261.5150    , 0.3735789E-03, 0.1426558E-03,  261.8743    ,  444.6278    ,  444.9871    , 0.3475730E-03, 0.7810856E-04, 0.7810856E-04
         0.250,              ,  0.000000    ,  27.73555    ,  8358.892    ,  0.000000    ,  8358.892    ,  27.73555    ,  8331.157    ,  8331.164    , 0.7475830E-02, 0.8913987E-04,  8386.628    ,  8775.792    ,  8831.615    , 0.7823403E-02, 0.8858406E-04, 0.8858406E-04
         0.333,              ,  0.000000    ,  353.7614    ,  8358.941    ,  0.000000    ,  8358.941    ,  353.7614    ,  8005.180    ,  8005.126    ,-0.5372925E-01,-0.6166772E-03,  8712.702    ,  16780.92    ,  17544.32    ,-0.4590585E-01,-0.2616565E-03,-0.2616565E-03
         0.417,              ,  0.000000    ,  1216.626    ,  9644.018    ,  0.000000    ,  9644.018    ,  1216.626    ,  8427.391    ,  8427.475    , 0.8330006E-01, 0.7669901E-03,  10860.64    ,  25208.39    ,  28404.96    , 0.3739421E-01, 0.1316468E-03, 0.1316468E-03
         0.500,              ,  0.000000    ,  1540.988    ,  9211.195    ,  0.000000    ,  9211.195    ,  1540.988    ,  7670.207    ,  7670.189    ,-0.1767826E-01,-0.1644156E-03,  10752.18    ,  32878.58    ,  39157.14    , 0.1971595E-01, 0.5035084E-04, 0.5035084E-04
         0.583,              ,  0.000000    ,  1870.758    ,  10070.29    ,  0.000000    ,  10070.29    ,  1870.758    ,  8199.528    ,  8199.504    ,-0.2369587E-01,-0.1984405E-03,  11941.04    ,  41078.09    ,  51098.19    ,-0.3979913E-02,-0.7788756E-05,-0.7788756E-05
         0.667,              ,  0.000000    ,  2066.963    ,  6004.951    ,  0.000000    ,  6004.951    ,  2066.963    ,  3937.989    ,  3937.988    ,-0.3122763E-03,-0.3868677E-05,  8071.914    ,  45016.07    ,  59170.10    ,-0.4292190E-02,-0.7253984E-05,-0.7253984E-05
         0.750,              ,  0.000000    ,  1747.672    ,  4293.579    ,  0.000000    ,  4293.579    ,  1747.672    ,  2545.907    ,  2545.922    , 0.1499200E-01, 0.2481605E-03,  6041.251    ,  47562.00    ,  65211.35    , 0.1069981E-01, 0.1640789E-04, 0.1640789E-04
         0.833,              ,  0.000000    ,  1210.634    ,  0.000000    ,  0.000000    ,  0.000000    ,  1210.634    , -1210.634    , -1210.629    , 0.4686079E-02, 0.3870766E-03,  1210.634    ,  46351.37    ,  66421.99    , 0.1538589E-01, 0.2316385E-04, 0.2316385E-04
         0.917,              ,  0.000000    ,  759.9066    ,  0.000000    ,  0.000000    ,  0.000000    ,  759.9066    , -759.9066    , -759.9062    , 0.3879464E-03, 0.5105185E-04,  759.9066    ,  45591.46    ,  67181.89    , 0.1577383E-01, 0.2347930E-04, 0.2347930E-04
         1.000,              ,  0.000000    ,  421.5385    ,  0.000000    ,  0.000000    ,  0.000000    ,  421.5385    , -421.5385    , -421.5352    , 0.3351450E-02, 0.7950519E-03,  421.5385    ,  45169.93    ,  67603.43    , 0.1912528E-01, 0.2829041E-04, 0.2829041E-04
         1.083,              ,  0.000000    ,  231.6360    ,  0.000000    ,  0.000000    ,  0.000000    ,  231.6360    , -231.6360    , -231.6445    ,-0.8499285E-02,-0.3669241E-02,  231.6360    ,  44938.28    ,  67835.07    , 0.1062600E-01, 0.1566446E-04, 0.1566446E-04
         1.167,              ,  0.000000    ,  135.8906    ,  0.000000    ,  0.000000    ,  0.000000    ,  135.8906    , -135.8906    , -135.8789    , 0.1171018E-01, 0.8617355E-02,  135.8906    ,  44802.40    ,  67970.96    , 0.2233617E-01, 0.3286135E-04, 0.3286135E-04
         1.250,              ,  0.000000    ,  85.76364    ,  0.000000    ,  0.000000    ,  0.000000    ,  85.76364    , -85.76364    , -85.77734    ,-0.1370132E-01,-0.1597567E-01,  85.76364    ,  44716.62    ,  68056.72    , 0.8634855E-02, 0.1268773E-04, 0.1268773E-04
         1.333,              ,  0.000000    ,  57.25037    ,  0.000000    ,  0.000000    ,  0.000000    ,  57.25037    , -57.25037    , -57.23438    , 0.1599100E-01, 0.2793170E-01,  57.25037    ,  44659.39    ,  68113.97    , 0.2462586E-01, 0.3615390E-04, 0.3615390E-04
         1.417,              ,  0.000000    ,  39.48701    ,  0.000000    ,  0.000000    ,  0.000000    ,  39.48701    , -39.48701    , -39.49609    ,-0.9081010E-02,-0.2299746E-01,  39.48701    ,  44619.89    ,  68153.46    , 0.1554485E-01, 0.2280860E-04, 0.2280860E-04
         1.500,              ,  0.000000    ,  27.52301    ,  0.000000    ,  0.000000    ,  0.000000    ,  27.52301    , -27.52301    , -27.51953    , 0.3482703E-02, 0.1265378E-01,  27.52301    ,  44592.38    ,  68180.98    , 0.1902755E-01, 0.2790741E-04, 0.2790741E-04
         1.583,              ,  0.000000    ,  19.23673    ,  0.000000    ,  0.000000    ,  0.000000    ,  19.23673    , -19.23673    , -19.23438    , 0.2357494E-02, 0.1225517E-01,  19.23673    ,  44573.14    ,  68200.22    , 0.2138504E-01, 0.3135627E-04, 0.3135627E-04
         1.667,              ,  0.000000    ,  12.79301    ,  0.000000    ,  0.000000    ,  0.000000    ,  12.79301    , -12.79301    , -12.79297    , 0.3688173E-04, 0.2882961E-03,  12.79301    ,  44560.35    ,  68213.01    , 0.2142193E-01, 0.3140446E-04, 0.3140446E-04
         1.750,              ,  0.000000    ,  9.024752    ,  0.000000    ,  0.000000    ,  0.000000    ,  9.024752    , -9.024752    , -9.031250    ,-0.6498300E-02,-0.7200530E-01,  9.024752    ,  44551.32    ,  68222.04    , 0.1492363E-01, 0.2187508E-04, 0.2187508E-04
         1.833,              ,  0.000000    ,  6.700204    ,  0.000000    ,  0.000000    ,  0.000000    ,  6.700204    , -6.700204    , -6.687500    , 0.1270380E-01, 0.1896031    ,  6.700204    ,  44544.63    ,  68228.74    , 0.2762742E-01, 0.4049236E-04, 0.4049236E-04
         1.917,              ,  0.000000    ,  5.081095    ,  0.000000    ,  0.000000    ,  0.000000    ,  5.081095    , -5.081095    , -5.085938    ,-0.4842471E-02,-0.9530367E-01,  5.081095    ,  44539.54    ,  68233.82    , 0.2278495E-01, 0.3339246E-04, 0.3339246E-04
         2.000,              ,  0.000000    ,  3.807158    ,  0.000000    ,  0.000000    ,  0.000000    ,  3.807158    , -3.807158    , -3.816406    ,-0.9248332E-02,-0.2429196    ,  3.807158    ,  44535.73    ,  68237.62    , 0.1353662E-01, 0.1983747E-04, 0.1983747E-04
