"Time (h)    ","1D and 2D:  ","H Vol In    ","H Vol Out   ","Q Vol In    ","Q Vol Out   ","Tot Vol In  ","Tot Vol Out ","Vol I-O     ","dVol        ","Vol Err     ","Q ME (%)    ","Vol I+O     ","Tot Vol     ","Cum Vol I+O ","Cum Vol Err ","Cum ME (%)  ","Cum Q ME (%)"
         0.000,              ,  0.000000    ,  0.000000    ,  0.000000    ,  0.000000    ,  0.000000    ,  0.000000    ,  0.000000    ,  0.000000    ,  0.000000    ,  0.000000    ,  0.000000    ,  0.000000    ,  0.000000    ,  0.000000    ,  0.000000    ,  0.000000    
         0.083,              ,  0.000000    ,  0.000000    ,  182.9976    ,  0.000000    ,  182.9976    ,  0.000000    ,  182.9976    ,  182.9976    ,-0.1304217E-04,-0.7126961E-05,  182.9976    ,  182.9976    ,  182.9976    ,-0.1304217E-04,-0.7126961E-05,-0.7126961E-05
         0.167,              ,  0.000000    , 0.1766274    ,  193.3197    ,  0.000000    ,  193.3197    , 0.1766274    ,  193.1431    ,  193.1431    , 0.2515139E-04, 0.1299838E-04,  193.4963    ,  376.1407    ,  376.4940    , 0.1210922E-04, 0.3216311E-05, 0.3216311E-05
         0.250,              ,  0.000000    ,  9.066101    ,  4244.997    ,  0.000000    ,  4244.997    ,  9.066101    ,  4235.931    ,  4235.925    ,-0.5956661E-02,-0.1400229E-03,  4254.063    ,  4612.066    ,  4630.557    ,-0.5944552E-02,-0.1283766E-03,-0.1283766E-03
         0.333,              ,  0.000000    ,  80.14187    ,  5059.534    ,  0.000000    ,  5059.534    ,  80.14187    ,  4979.392    ,  4979.375    ,-0.1619449E-01,-0.3150878E-03,  5139.675    ,  9591.441    ,  9770.233    ,-0.2213904E-01,-0.2265969E-03,-0.2265969E-03
         0.417,              ,  0.000000    ,  453.7944    ,  5059.548    ,  0.000000    ,  5059.548    ,  453.7944    ,  4605.754    ,  4605.721    ,-0.3290267E-01,-0.5967827E-03,  5513.342    ,  14197.16    ,  15283.58    ,-0.5504171E-01,-0.3601364E-03,-0.3601364E-03
         0.500,              ,  0.000000    ,  800.6312    ,  5059.523    ,  0.000000    ,  5059.523    ,  800.6312    ,  4258.892    ,  4258.846    ,-0.4656434E-01,-0.7945923E-03,  5860.155    ,  18456.01    ,  21143.73    ,-0.1016061    ,-0.4805494E-03,-0.4805494E-03
         0.583,              ,  0.000000    ,  896.0865    ,  6712.430    ,  0.000000    ,  6712.430    ,  896.0865    ,  5816.344    ,  5816.324    ,-0.1931893E-01,-0.2539119E-03,  7608.516    ,  24272.33    ,  28752.25    ,-0.1209250    ,-0.4205758E-03,-0.4205758E-03
         0.667,              ,  0.000000    ,  938.8715    ,  3294.317    ,  0.000000    ,  3294.317    ,  938.8715    ,  2355.446    ,  2355.463    , 0.1712037E-01, 0.4044319E-03,  4233.189    ,  26627.79    ,  32985.44    ,-0.1038046    ,-0.3146984E-03,-0.3146984E-03
         0.750,              ,  0.000000    ,  846.9977    ,  3878.251    ,  0.000000    ,  3878.251    ,  846.9977    ,  3031.253    ,  3031.246    ,-0.6773472E-02,-0.1433464E-03,  4725.248    ,  29659.04    ,  37710.68    ,-0.1105781    ,-0.2932275E-03,-0.2932275E-03
         0.833,              ,  0.000000    ,  784.8400    ,  0.000000    ,  0.000000    ,  0.000000    ,  784.8400    , -784.8400    , -784.8438    ,-0.3700550E-02,-0.4715037E-03,  784.8400    ,  28874.20    ,  38495.52    ,-0.1142786    ,-0.2968621E-03,-0.2968621E-03
         0.917,              ,  0.000000    ,  551.7867    ,  0.000000    ,  0.000000    ,  0.000000    ,  551.7867    , -551.7867    , -551.7891    ,-0.2381212E-02,-0.4315458E-03,  551.7867    ,  28322.41    ,  39047.31    ,-0.1166598    ,-0.2987654E-03,-0.2987654E-03
         1.000,              ,  0.000000    ,  327.5466    ,  0.000000    ,  0.000000    ,  0.000000    ,  327.5466    , -327.5466    , -327.5410    , 0.5596399E-02, 0.1708581E-02,  327.5466    ,  27994.87    ,  39374.86    ,-0.1110635    ,-0.2820669E-03,-0.2820669E-03
         1.083,              ,  0.000000    ,  190.4444    ,  0.000000    ,  0.000000    ,  0.000000    ,  190.4444    , -190.4444    , -190.4473    ,-0.2881250E-02,-0.1512909E-02,  190.4444    ,  27804.42    ,  39565.30    ,-0.1139447    ,-0.2879915E-03,-0.2879915E-03
         1.167,              ,  0.000000    ,  113.4552    ,  0.000000    ,  0.000000    ,  0.000000    ,  113.4552    , -113.4552    , -113.4531    , 0.2085542E-02, 0.1838207E-02,  113.4552    ,  27690.97    ,  39678.76    ,-0.1118592    ,-0.2819119E-03,-0.2819119E-03
         1.250,              ,  0.000000    ,  71.64271    ,  0.000000    ,  0.000000    ,  0.000000    ,  71.64271    , -71.64271    , -71.64258    , 0.1271963E-03, 0.1775426E-03,  71.64271    ,  27619.32    ,  39750.40    ,-0.1117320    ,-0.2810839E-03,-0.2810839E-03
         1.333,              ,  0.000000    ,  47.31480    ,  0.000000    ,  0.000000    ,  0.000000    ,  47.31480    , -47.31480    , -47.31641    ,-0.1605388E-02,-0.3392994E-02,  47.31480    ,  27572.01    ,  39797.71    ,-0.1133374    ,-0.2847836E-03,-0.2847836E-03
         1.417,              ,  0.000000    ,  32.11491    ,  0.000000    ,  0.000000    ,  0.000000    ,  32.11491    , -32.11491    , -32.11523    ,-0.3247010E-03,-0.1011060E-02,  32.11491    ,  27539.89    ,  39829.83    ,-0.1136621    ,-0.2853692E-03,-0.2853692E-03
         1.500,              ,  0.000000    ,  21.76295    ,  0.000000    ,  0.000000    ,  0.000000    ,  21.76295    , -21.76295    , -21.76562    ,-0.2678245E-02,-0.1230645E-01,  21.76295    ,  27518.13    ,  39851.59    ,-0.1163403    ,-0.2919339E-03,-0.2919339E-03
         1.583,              ,  0.000000    ,  14.53900    ,  0.000000    ,  0.000000    ,  0.000000    ,  14.53900    , -14.53900    , -14.53125    , 0.7751107E-02, 0.5331252E-01,  14.53900    ,  27503.60    ,  39866.13    ,-0.1085892    ,-0.2723846E-03,-0.2723846E-03
         1.667,              ,  0.000000    ,  8.876495    ,  0.000000    ,  0.000000    ,  0.000000    ,  8.876495    , -8.876495    , -8.878906    ,-0.2410799E-02,-0.2715936E-01,  8.876495    ,  27494.72    ,  39875.01    ,-0.1110000    ,-0.2783698E-03,-0.2783698E-03
         1.750,              ,  0.000000    ,  5.721433    ,  0.000000    ,  0.000000    ,  0.000000    ,  5.721433    , -5.721433    , -5.728516    ,-0.7082913E-02,-0.1237962    ,  5.721433    ,  27488.99    ,  39880.73    ,-0.1180829    ,-0.2960901E-03,-0.2960901E-03
         1.833,              ,  0.000000    ,  3.848142    ,  0.000000    ,  0.000000    ,  0.000000    ,  3.848142    , -3.848142    , -3.847656    , 0.4859025E-03, 0.1262694E-01,  3.848142    ,  27485.14    ,  39884.58    ,-0.1175970    ,-0.2948433E-03,-0.2948433E-03
         1.917,              ,  0.000000    ,  2.615742    ,  0.000000    ,  0.000000    ,  0.000000    ,  2.615742    , -2.615742    , -2.615234    , 0.5076425E-03, 0.1940721E-01,  2.615742    ,  27482.53    ,  39887.19    ,-0.1170894    ,-0.2935513E-03,-0.2935513E-03
         2.000,              ,  0.000000    ,  1.677120    ,  0.000000    ,  0.000000    ,  0.000000    ,  1.677120    , -1.677120    , -1.679688    ,-0.2567052E-02,-0.1530631    ,  1.677120    ,  27480.85    ,  39888.87    ,-0.1196564    ,-0.2999744E-03,-0.2999744E-03
