"Time (h)    ","1D and 2D:  ","H Vol In    ","H Vol Out   ","Q Vol In    ","Q Vol Out   ","Tot Vol In  ","Tot Vol Out ","Vol I-O     ","dVol        ","Vol Err     ","Q ME (%)    ","Vol I+O     ","Tot Vol     ","Cum Vol I+O ","Cum Vol Err ","Cum ME (%)  ","Cum Q ME (%)"
         0.000,              ,  0.000000    ,  0.000000    ,  0.000000    ,  0.000000    ,  0.000000    ,  0.000000    ,  0.000000    ,  0.000000    ,  0.000000    ,  0.000000    ,  0.000000    ,  0.000000    ,  0.000000    ,  0.000000    ,  0.000000    ,  0.000000    
         0.083,              ,  0.000000    ,  0.000000    ,  188.0310    ,  0.000000    ,  188.0310    ,  0.000000    ,  188.0310    ,  188.0310    ,-0.3495247E-05,-0.1858867E-05,  188.0310    ,  188.0310    ,  188.0310    ,-0.3495247E-05,-0.1858867E-05,-0.1858867E-05
         0.167,              ,  0.000000    , 0.9934177    ,  1849.560    ,  0.000000    ,  1849.560    , 0.9934177    ,  1848.566    ,  1848.577    , 0.1020197E-01, 0.5512928E-03,  1850.553    ,  2036.608    ,  2038.584    , 0.1019847E-01, 0.5002723E-03, 0.5002723E-03
         0.250,              ,  0.000000    ,  31.96287    ,  6031.899    ,  0.000000    ,  6031.899    ,  31.96287    ,  5999.936    ,  5999.918    ,-0.1806852E-01,-0.2979705E-03,  6063.862    ,  8036.525    ,  8102.446    ,-0.7870046E-02,-0.9713173E-04,-0.9713173E-04
         0.333,              ,  0.000000    ,  280.2572    ,  5744.883    ,  0.000000    ,  5744.883    ,  280.2572    ,  5464.625    ,  5464.588    ,-0.3742297E-01,-0.6211137E-03,  6025.140    ,  13501.11    ,  14127.59    ,-0.4529302E-01,-0.3205998E-03,-0.3205998E-03
         0.417,              ,  0.000000    ,  783.4591    ,  4187.906    ,  0.000000    ,  4187.906    ,  783.4591    ,  3404.447    ,  3404.451    , 0.3936171E-02, 0.7917685E-04,  4971.366    ,  16905.56    ,  19098.95    ,-0.4135685E-01,-0.2165399E-03,-0.2165399E-03
         0.500,              ,  0.000000    ,  845.8493    ,  4753.290    ,  0.000000    ,  4753.290    ,  845.8493    ,  3907.441    ,  3907.424    ,-0.1703453E-01,-0.3042348E-03,  5599.140    ,  20812.99    ,  24698.09    ,-0.5839138E-01,-0.2364206E-03,-0.2364206E-03
         0.583,              ,  0.000000    ,  839.9902    ,  6449.350    ,  0.000000    ,  6449.350    ,  839.9902    ,  5609.359    ,  5609.400    , 0.4105408E-01, 0.5632070E-03,  7289.340    ,  26422.39    ,  31987.43    ,-0.1733730E-01,-0.5420035E-04,-0.5420035E-04
         0.667,              ,  0.000000    ,  913.0097    ,  4187.888    ,  0.000000    ,  4187.888    ,  913.0097    ,  3274.879    ,  3274.887    , 0.8099131E-02, 0.1587785E-03,  5100.898    ,  29697.28    ,  37088.33    ,-0.9238170E-02,-0.2490856E-04,-0.2490856E-04
         0.750,              ,  0.000000    ,  1018.419    ,  4466.251    ,  0.000000    ,  4466.251    ,  1018.419    ,  3447.832    ,  3447.826    ,-0.5398989E-02,-0.9843781E-04,  5484.670    ,  33145.10    ,  42573.00    ,-0.1463716E-01,-0.3438132E-04,-0.3438132E-04
         0.833,              ,  0.000000    ,  1039.969    ,  3900.949    ,  0.000000    ,  3900.949    ,  1039.969    ,  2860.980    ,  2860.898    ,-0.8160689E-01,-0.1651655E-02,  4940.918    ,  36006.00    ,  47513.92    ,-0.9624405E-01,-0.2025597E-03,-0.2025597E-03
         0.917,              ,  0.000000    ,  1004.641    ,  4187.914    ,  0.000000    ,  4187.914    ,  1004.641    ,  3183.273    ,  3183.266    ,-0.7319878E-02,-0.1409687E-03,  5192.556    ,  39189.27    ,  52706.47    ,-0.1035639    ,-0.1964918E-03,-0.1964918E-03
         1.000,              ,  0.000000    ,  1009.373    ,  4753.243    ,  0.000000    ,  4753.243    ,  1009.373    ,  3743.870    ,  3743.902    , 0.3188539E-01, 0.5533145E-03,  5762.616    ,  42933.17    ,  58469.09    ,-0.7167854E-01,-0.1225922E-03,-0.1225922E-03
         1.083,              ,  0.000000    ,  1133.777    ,  6597.275    ,  0.000000    ,  6597.275    ,  1133.777    ,  5463.498    ,  5463.473    ,-0.2538462E-01,-0.3283462E-03,  7731.052    ,  48396.64    ,  66200.14    ,-0.9706316E-01,-0.1466208E-03,-0.1466208E-03
         1.167,              ,  0.000000    ,  1278.328    ,  3761.738    ,  0.000000    ,  3761.738    ,  1278.328    ,  2483.410    ,  2483.383    ,-0.2713966E-01,-0.5384784E-03,  5040.066    ,  50880.02    ,  71240.21    ,-0.1242028    ,-0.1743437E-03,-0.1743437E-03
         1.250,              ,  0.000000    ,  1201.114    ,  3761.748    ,  0.000000    ,  3761.748    ,  1201.114    ,  2560.634    ,  2560.586    ,-0.4810381E-01,-0.9692756E-03,  4962.862    ,  53440.61    ,  76203.07    ,-0.1723066    ,-0.2261151E-03,-0.2261151E-03
         1.333,              ,  0.000000    ,  1025.634    ,  2909.279    ,  0.000000    ,  2909.279    ,  1025.634    ,  1883.645    ,  1883.652    , 0.6919827E-02, 0.1758572E-03,  3934.912    ,  55324.26    ,  80137.98    ,-0.1653868    ,-0.2063776E-03,-0.2063776E-03
         1.417,              ,  0.000000    ,  885.1087    ,  2909.301    ,  0.000000    ,  2909.301    ,  885.1087    ,  2024.193    ,  2024.199    , 0.6532261E-02, 0.1721548E-03,  3794.410    ,  57348.46    ,  83932.39    ,-0.1588545    ,-0.1892649E-03,-0.1892649E-03
         1.500,              ,  0.000000    ,  802.3579    ,  3196.317    ,  0.000000    ,  3196.317    ,  802.3579    ,  2393.959    ,  2393.977    , 0.1729524E-01, 0.4325243E-03,  3998.675    ,  59742.44    ,  87931.06    ,-0.1415593    ,-0.1609890E-03,-0.1609890E-03
         1.583,              ,  0.000000    ,  715.8058    ,  0.000000    ,  0.000000    ,  0.000000    ,  715.8058    , -715.8058    , -715.8281    ,-0.2237000E-01,-0.3125149E-02,  715.8058    ,  59026.61    ,  88646.87    ,-0.1639293    ,-0.1849240E-03,-0.1849240E-03
         1.667,              ,  0.000000    ,  518.1413    ,  0.000000    ,  0.000000    ,  0.000000    ,  518.1413    , -518.1413    , -518.1289    , 0.1241986E-01, 0.2397003E-02,  518.1413    ,  58508.48    ,  89165.01    ,-0.1515094    ,-0.1699203E-03,-0.1699203E-03
         1.750,              ,  0.000000    ,  319.8649    ,  0.000000    ,  0.000000    ,  0.000000    ,  319.8649    , -319.8649    , -319.8828    ,-0.1795304E-01,-0.5612695E-02,  319.8649    ,  58188.60    ,  89484.88    ,-0.1694625    ,-0.1893755E-03,-0.1893755E-03
         1.833,              ,  0.000000    ,  191.9631    ,  0.000000    ,  0.000000    ,  0.000000    ,  191.9631    , -191.9631    , -191.9570    , 0.6109523E-02, 0.3182654E-02,  191.9631    ,  57996.64    ,  89676.84    ,-0.1633530    ,-0.1821573E-03,-0.1821573E-03
         1.917,              ,  0.000000    ,  118.2010    ,  0.000000    ,  0.000000    ,  0.000000    ,  118.2010    , -118.2010    , -118.2070    ,-0.6019733E-02,-0.5092793E-02,  118.2010    ,  57878.43    ,  89795.04    ,-0.1693727    ,-0.1886214E-03,-0.1886214E-03
         2.000,              ,  0.000000    ,  76.96702    ,  0.000000    ,  0.000000    ,  0.000000    ,  76.96702    , -76.96702    , -76.95703    , 0.9990185E-02, 0.1297983E-01,  76.96702    ,  57801.48    ,  89872.01    ,-0.1593825    ,-0.1773439E-03,-0.1773439E-03
         2.083,              ,  0.000000    ,  52.20443    ,  0.000000    ,  0.000000    ,  0.000000    ,  52.20443    , -52.20443    , -52.21094    ,-0.6507143E-02,-0.1246473E-01,  52.20443    ,  57749.27    ,  89924.21    ,-0.1658896    ,-0.1844772E-03,-0.1844772E-03
         2.167,              ,  0.000000    ,  36.37060    ,  0.000000    ,  0.000000    ,  0.000000    ,  36.37060    , -36.37060    , -36.37500    ,-0.4399734E-02,-0.1209695E-01,  36.37060    ,  57712.89    ,  89960.58    ,-0.1702894    ,-0.1892933E-03,-0.1892933E-03
         2.250,              ,  0.000000    ,  25.47118    ,  0.000000    ,  0.000000    ,  0.000000    ,  25.47118    , -25.47118    , -25.46094    , 0.1024206E-01, 0.4021040E-01,  25.47118    ,  57687.43    ,  89986.05    ,-0.1600473    ,-0.1778579E-03,-0.1778579E-03
         2.333,              ,  0.000000    ,  17.76730    ,  0.000000    ,  0.000000    ,  0.000000    ,  17.76730    , -17.76730    , -17.78125    ,-0.1394815E-01,-0.7850461E-01,  17.76730    ,  57669.65    ,  90003.82    ,-0.1739955    ,-0.1933201E-03,-0.1933201E-03
         2.417,              ,  0.000000    ,  11.72123    ,  0.000000    ,  0.000000    ,  0.000000    ,  11.72123    , -11.72123    , -11.72266    ,-0.1423590E-02,-0.1214540E-01,  11.72123    ,  57657.93    ,  90015.54    ,-0.1754191    ,-0.1948764E-03,-0.1948764E-03
         2.500,              ,  0.000000    ,  8.342404    ,  0.000000    ,  0.000000    ,  0.000000    ,  8.342404    , -8.342404    , -8.339844    , 0.2559958E-02, 0.3068610E-01,  8.342404    ,  57649.59    ,  90023.89    ,-0.1728591    ,-0.1920147E-03,-0.1920147E-03
         2.583,              ,  0.000000    ,  6.201453    ,  0.000000    ,  0.000000    ,  0.000000    ,  6.201453    , -6.201453    , -6.207031    ,-0.5578114E-02,-0.8994851E-01,  6.201453    ,  57643.38    ,  90030.09    ,-0.1784372    ,-0.1981973E-03,-0.1981973E-03
         2.667,              ,  0.000000    ,  4.692835    ,  0.000000    ,  0.000000    ,  0.000000    ,  4.692835    , -4.692835    , -4.683594    , 0.9241245E-02, 0.1969224    ,  4.692835    ,  57638.70    ,  90034.78    ,-0.1691960    ,-0.1879229E-03,-0.1879229E-03
         2.750,              ,  0.000000    ,  3.503287    ,  0.000000    ,  0.000000    ,  0.000000    ,  3.503287    , -3.503287    , -3.507812    ,-0.4525101E-02,-0.1291673    ,  3.503287    ,  57635.19    ,  90038.28    ,-0.1737211    ,-0.1929413E-03,-0.1929413E-03
         2.833,              ,  0.000000    ,  2.848510    ,  0.000000    ,  0.000000    ,  0.000000    ,  2.848510    , -2.848510    , -2.847656    , 0.8541382E-03, 0.2998544E-01,  2.848510    ,  57632.34    ,  90041.13    ,-0.1728669    ,-0.1919866E-03,-0.1919866E-03
         2.917,              ,  0.000000    ,  2.473077    ,  0.000000    ,  0.000000    ,  0.000000    ,  2.473077    , -2.473077    , -2.476562    ,-0.3485390E-02,-0.1409333    ,  2.473077    ,  57629.86    ,  90043.60    ,-0.1763523    ,-0.1958521E-03,-0.1958521E-03
         3.000,              ,  0.000000    ,  2.174464    ,  0.000000    ,  0.000000    ,  0.000000    ,  2.174464    , -2.174464    , -2.183594    ,-0.9129391E-02,-0.4198455    ,  2.174464    ,  57627.68    ,  90045.78    ,-0.1854817    ,-0.2059860E-03,-0.2059860E-03
         3.083,              ,  0.000000    ,  1.924677    ,  0.000000    ,  0.000000    ,  0.000000    ,  1.924677    , -1.924677    , -1.914062    , 0.1061488E-01, 0.5515146    ,  1.924677    ,  57625.77    ,  90047.70    ,-0.1748668    ,-0.1941935E-03,-0.1941935E-03
         3.167,              ,  0.000000    ,  1.713279    ,  0.000000    ,  0.000000    ,  0.000000    ,  1.713279    , -1.713279    , -1.710938    , 0.2341845E-02, 0.1366878    ,  1.713279    ,  57624.05    ,  90049.42    ,-0.1725250    ,-0.1915892E-03,-0.1915892E-03
         3.250,              ,  0.000000    ,  1.532899    ,  0.000000    ,  0.000000    ,  0.000000    ,  1.532899    , -1.532899    , -1.531250    , 0.1649309E-02, 0.1075941    ,  1.532899    ,  57622.52    ,  90050.95    ,-0.1708757    ,-0.1897544E-03,-0.1897544E-03
         3.333,              ,  0.000000    ,  1.377513    ,  0.000000    ,  0.000000    ,  0.000000    ,  1.377513    , -1.377513    , -1.382812    ,-0.5299172E-02,-0.3846911    ,  1.377513    ,  57621.14    ,  90052.33    ,-0.1761748    ,-0.1956361E-03,-0.1956361E-03
         3.417,              ,  0.000000    ,  1.242405    ,  0.000000    ,  0.000000    ,  0.000000    ,  1.242405    , -1.242405    , -1.238281    , 0.4123765E-02, 0.3319179    ,  1.242405    ,  57619.90    ,  90053.57    ,-0.1720511    ,-0.1910542E-03,-0.1910542E-03
         3.500,              ,  0.000000    ,  1.125642    ,  0.000000    ,  0.000000    ,  0.000000    ,  1.125642    , -1.125642    , -1.132812    ,-0.7170118E-02,-0.6369801    ,  1.125642    ,  57618.77    ,  90054.70    ,-0.1792212    ,-0.1990137E-03,-0.1990137E-03
         3.583,              ,  0.000000    ,  1.022619    ,  0.000000    ,  0.000000    ,  0.000000    ,  1.022619    , -1.022619    , -1.027344    ,-0.4724677E-02,-0.4620173    ,  1.022619    ,  57617.74    ,  90055.72    ,-0.1839459    ,-0.2042578E-03,-0.2042578E-03
         3.667,              ,  0.000000    , 0.9320220    ,  0.000000    ,  0.000000    ,  0.000000    , 0.9320220    ,-0.9320220    ,-0.9218750    , 0.1014699E-01,  0.000000    , 0.9320220    ,  57616.82    ,  90056.65    ,-0.1737989    ,-0.1929884E-03,-0.1929884E-03
         3.750,              ,  0.000000    , 0.8535833    ,  0.000000    ,  0.000000    ,  0.000000    , 0.8535833    ,-0.8535833    ,-0.8593750    ,-0.5791681E-02,  0.000000    , 0.8535833    ,  57615.96    ,  90057.50    ,-0.1795906    ,-0.1994177E-03,-0.1994177E-03
         3.833,              ,  0.000000    , 0.7818793    ,  0.000000    ,  0.000000    ,  0.000000    , 0.7818793    ,-0.7818793    ,-0.7812500    , 0.6293294E-03,  0.000000    , 0.7818793    ,  57615.18    ,  90058.29    ,-0.1789612    ,-0.1987171E-03,-0.1987171E-03
         3.917,              ,  0.000000    , 0.7184582    ,  0.000000    ,  0.000000    ,  0.000000    , 0.7184582    ,-0.7184582    ,-0.7226562    ,-0.4198073E-02,  0.000000    , 0.7184582    ,  57614.46    ,  90059.00    ,-0.1831593    ,-0.2033770E-03,-0.2033770E-03
         4.000,              ,  0.000000    , 0.6618582    ,  0.000000    ,  0.000000    ,  0.000000    , 0.6618582    ,-0.6618582    ,-0.6484375    , 0.1342067E-01,  0.000000    , 0.6618582    ,  57613.81    ,  90059.67    ,-0.1697386    ,-0.1884735E-03,-0.1884735E-03
