"Time (h)    ","1D and 2D:  ","H Vol In    ","H Vol Out   ","Q Vol In    ","Q Vol Out   ","Tot Vol In  ","Tot Vol Out ","Vol I-O     ","dVol        ","Vol Err     ","Q ME (%)    ","Vol I+O     ","Tot Vol     ","Cum Vol I+O ","Cum Vol Err ","Cum ME (%)  ","Cum Q ME (%)"
         0.000,              ,  0.000000    ,  0.000000    ,  0.000000    ,  0.000000    ,  0.000000    ,  0.000000    ,  0.000000    ,  0.000000    ,  0.000000    ,  0.000000    ,  0.000000    ,  0.000000    ,  0.000000    ,  0.000000    ,  0.000000    ,  0.000000    
         0.083,              ,  0.000000    ,  0.000000    ,  320.5617    ,  0.000000    ,  320.5617    ,  0.000000    ,  320.5617    ,  320.5617    , 0.4608745E-04, 0.1437709E-04,  320.5617    ,  320.5617    ,  320.5617    , 0.4608745E-04, 0.1437709E-04, 0.1437709E-04
         0.167,              ,  0.000000    ,  11.89061    ,  6163.361    ,  0.000000    ,  6163.361    ,  11.89061    ,  6151.471    ,  6151.468    ,-0.3086291E-02,-0.4997839E-04,  6175.252    ,  6472.029    ,  6495.814    ,-0.3040204E-02,-0.4680251E-04,-0.4680251E-04
         0.250,              ,  0.000000    ,  182.1723    ,  8025.300    ,  0.000000    ,  8025.300    ,  182.1723    ,  7843.128    ,  7843.139    , 0.1060301E-01, 0.1291873E-03,  8207.473    ,  14315.17    ,  14703.29    , 0.7562807E-02, 0.5143617E-04, 0.5143617E-04
         0.333,              ,  0.000000    ,  841.3896    ,  4044.212    ,  0.000000    ,  4044.212    ,  841.3896    ,  3202.822    ,  3202.826    , 0.3926946E-02, 0.8037794E-04,  4885.602    ,  17517.99    ,  19588.89    , 0.1148975E-01, 0.5865444E-04, 0.5865444E-04
         0.417,              ,  0.000000    ,  946.1194    ,  4044.209    ,  0.000000    ,  4044.209    ,  946.1194    ,  3098.090    ,  3098.096    , 0.5934904E-02, 0.1189281E-03,  4990.329    ,  20616.09    ,  24579.22    , 0.1742466E-01, 0.7089182E-04, 0.7089182E-04
         0.500,              ,  0.000000    ,  778.4471    ,  4044.185    ,  0.000000    ,  4044.185    ,  778.4471    ,  3265.738    ,  3265.787    , 0.4872036E-01, 0.1010244E-02,  4822.633    ,  23881.88    ,  29401.85    , 0.6614502E-01, 0.2249689E-03, 0.2249689E-03
         0.583,              ,  0.000000    ,  713.6232    ,  4311.958    ,  0.000000    ,  4311.958    ,  713.6232    ,  3598.335    ,  3598.295    ,-0.4001809E-01,-0.7962877E-03,  5025.581    ,  27480.17    ,  34427.43    , 0.2612693E-01, 0.7588986E-04, 0.7588986E-04
         0.667,              ,  0.000000    ,  779.0219    ,  4311.949    ,  0.000000    ,  4311.949    ,  779.0219    ,  3532.927    ,  3532.887    ,-0.4022066E-01,-0.7900392E-03,  5090.971    ,  31013.06    ,  39518.40    ,-0.1409374E-01,-0.3566373E-04,-0.3566373E-04
         0.750,              ,  0.000000    ,  941.1468    ,  4311.913    ,  0.000000    ,  4311.913    ,  941.1468    ,  3370.766    ,  3370.715    ,-0.5101752E-01,-0.9711964E-03,  5253.059    ,  34383.77    ,  44771.46    ,-0.6511126E-01,-0.1454303E-03,-0.1454303E-03
         0.833,              ,  0.000000    ,  972.4995    ,  2969.575    ,  0.000000    ,  2969.575    ,  972.4995    ,  1997.076    ,  1997.098    , 0.2169403E-01, 0.5503202E-03,  3942.075    ,  36380.87    ,  48713.54    ,-0.4341722E-01,-0.8912764E-04,-0.8912764E-04
         0.917,              ,  0.000000    ,  885.7906    ,  2969.587    ,  0.000000    ,  2969.587    ,  885.7906    ,  2083.796    ,  2083.793    ,-0.3095710E-02,-0.8029590E-04,  3855.377    ,  38464.66    ,  52568.91    ,-0.4651293E-01,-0.8847992E-04,-0.8847992E-04
         1.000,              ,  0.000000    ,  793.8938    ,  2969.588    ,  0.000000    ,  2969.588    ,  793.8938    ,  2175.695    ,  2175.703    , 0.8589268E-02, 0.2282266E-03,  3763.482    ,  40640.37    ,  56332.39    ,-0.3792367E-01,-0.6732124E-04,-0.6732124E-04
         1.083,              ,  0.000000    ,  758.5573    ,  3397.927    ,  0.000000    ,  3397.927    ,  758.5573    ,  2639.369    ,  2639.352    ,-0.1790084E-01,-0.4306727E-03,  4156.484    ,  43279.72    ,  60488.88    ,-0.5582451E-01,-0.9228888E-04,-0.9228888E-04
         1.167,              ,  0.000000    ,  779.8517    ,  3397.902    ,  0.000000    ,  3397.902    ,  779.8517    ,  2618.050    ,  2618.051    , 0.3054524E-03, 0.7311404E-05,  4177.754    ,  45897.77    ,  64666.63    ,-0.5551905E-01,-0.8585425E-04,-0.8585425E-04
         1.250,              ,  0.000000    ,  814.8235    ,  3397.866    ,  0.000000    ,  3397.866    ,  814.8235    ,  2583.043    ,  2583.062    , 0.1992655E-01, 0.4730125E-03,  4212.690    ,  48480.83    ,  68879.32    ,-0.3559251E-01,-0.5167371E-04,-0.5167371E-04
         1.333,              ,  0.000000    ,  804.1210    ,  2002.008    ,  0.000000    ,  2002.008    ,  804.1210    ,  1197.887    ,  1197.914    , 0.2749453E-01, 0.9798029E-03,  2806.129    ,  49678.75    ,  71685.45    ,-0.8097975E-02,-0.1129654E-04,-0.1129654E-04
         1.417,              ,  0.000000    ,  710.1478    ,  2002.069    ,  0.000000    ,  2002.069    ,  710.1478    ,  1291.922    ,  1291.887    ,-0.3491164E-01,-0.1287199E-02,  2712.217    ,  50970.63    ,  74397.67    ,-0.4300962E-01,-0.5781044E-04,-0.5781044E-04
         1.500,              ,  0.000000    ,  608.5601    ,  2002.072    ,  0.000000    ,  2002.072    ,  608.5601    ,  1393.512    ,  1393.492    ,-0.1976430E-01,-0.7570697E-03,  2610.632    ,  52364.12    ,  77008.30    ,-0.6277392E-01,-0.8151579E-04,-0.8151579E-04
         1.583,              ,  0.000000    ,  517.9086    ,  441.7187    ,  0.000000    ,  441.7187    ,  517.9086    , -76.18988    , -76.19531    ,-0.5429158E-02,-0.5657569E-03,  959.6273    ,  52287.93    ,  77967.93    ,-0.6820308E-01,-0.8747581E-04,-0.8747581E-04
         1.667,              ,  0.000000    ,  401.4126    ,  441.7181    ,  0.000000    ,  441.7181    ,  401.4126    ,  40.30554    ,  40.31250    , 0.6956343E-02, 0.8250611E-03,  843.1307    ,  52328.24    ,  78811.06    ,-0.6124673E-01,-0.7771338E-04,-0.7771338E-04
         1.750,              ,  0.000000    ,  294.2786    ,  441.7176    ,  0.000000    ,  441.7176    ,  294.2786    ,  147.4390    ,  147.4414    , 0.2384484E-02, 0.3239805E-03,  735.9962    ,  52475.68    ,  79547.05    ,-0.5886225E-01,-0.7399677E-04,-0.7399677E-04
         1.833,              ,  0.000000    ,  222.7738    ,  709.4354    ,  0.000000    ,  709.4354    ,  222.7738    ,  486.6616    ,  486.6562    ,-0.5304443E-02,-0.5690187E-03,  932.2092    ,  52962.34    ,  80479.26    ,-0.6416669E-01,-0.7973071E-04,-0.7973071E-04
         1.917,              ,  0.000000    ,  184.9600    ,  709.4349    ,  0.000000    ,  709.4349    ,  184.9600    ,  524.4749    ,  524.4531    ,-0.2175983E-01,-0.2432911E-02,  894.3949    ,  53486.79    ,  81373.66    ,-0.8592652E-01,-0.1055950E-03,-0.1055950E-03
         2.000,              ,  0.000000    ,  168.9498    ,  709.4340    ,  0.000000    ,  709.4340    ,  168.9498    ,  540.4842    ,  540.4805    ,-0.3717124E-02,-0.4231777E-03,  878.3838    ,  54027.27    ,  82252.04    ,-0.8964365E-01,-0.1089865E-03,-0.1089865E-03
         2.083,              ,  0.000000    ,  176.6501    ,  1623.458    ,  0.000000    ,  1623.458    ,  176.6501    ,  1446.807    ,  1446.785    ,-0.2233455E-01,-0.1240734E-02,  1800.108    ,  55474.06    ,  84052.15    ,-0.1119782    ,-0.1332247E-03,-0.1332247E-03
         2.167,              ,  0.000000    ,  217.6423    ,  1623.453    ,  0.000000    ,  1623.453    ,  217.6423    ,  1405.811    ,  1405.781    ,-0.2927706E-01,-0.1590198E-02,  1841.095    ,  56879.84    ,  85893.24    ,-0.1412553    ,-0.1644544E-03,-0.1644544E-03
         2.250,              ,  0.000000    ,  281.8724    ,  1623.456    ,  0.000000    ,  1623.456    ,  281.8724    ,  1341.584    ,  1341.551    ,-0.3313583E-01,-0.1739114E-02,  1905.329    ,  58221.39    ,  87798.57    ,-0.1743911    ,-0.1986263E-03,-0.1986263E-03
         2.333,              ,  0.000000    ,  371.6182    ,  3290.844    ,  0.000000    ,  3290.844    ,  371.6182    ,  2919.226    ,  2919.223    ,-0.2891382E-02,-0.7894640E-04,  3662.462    ,  61140.61    ,  91461.04    ,-0.1772825    ,-0.1938339E-03,-0.1938339E-03
         2.417,              ,  0.000000    ,  517.1726    ,  3290.828    ,  0.000000    ,  3290.828    ,  517.1726    ,  2773.655    ,  2773.648    ,-0.6478910E-02,-0.1701395E-03,  3808.000    ,  63914.26    ,  95269.04    ,-0.1837614    ,-0.1928868E-03,-0.1928868E-03
         2.500,              ,  0.000000    ,  672.5880    ,  3290.855    ,  0.000000    ,  3290.855    ,  672.5880    ,  2618.267    ,  2618.230    ,-0.3644586E-01,-0.9195504E-03,  3963.443    ,  66532.49    ,  99232.48    ,-0.2202072    ,-0.2219104E-03,-0.2219104E-03
         2.583,              ,  0.000000    ,  741.7619    ,  2055.633    ,  0.000000    ,  2055.633    ,  741.7619    ,  1313.871    ,  1313.820    ,-0.5062979E-01,-0.1809891E-02,  2797.395    ,  67846.31    ,  102029.9    ,-0.2708370    ,-0.2654488E-03,-0.2654488E-03
         2.667,              ,  0.000000    ,  686.9784    ,  2055.615    ,  0.000000    ,  2055.615    ,  686.9784    ,  1368.637    ,  1368.578    ,-0.5846873E-01,-0.2131878E-02,  2742.593    ,  69214.89    ,  104772.5    ,-0.3293058    ,-0.3143056E-03,-0.3143056E-03
         2.750,              ,  0.000000    ,  604.4503    ,  2055.601    ,  0.000000    ,  2055.601    ,  604.4503    ,  1451.151    ,  1451.125    ,-0.2596867E-01,-0.9762469E-03,  2660.052    ,  70666.02    ,  107432.5    ,-0.3552744    ,-0.3306954E-03,-0.3306954E-03
         2.833,              ,  0.000000    ,  566.7408    ,  2916.086    ,  0.000000    ,  2916.086    ,  566.7408    ,  2349.345    ,  2349.328    ,-0.1713938E-01,-0.4921111E-03,  3482.827    ,  73015.34    ,  110915.3    ,-0.3724138    ,-0.3357640E-03,-0.3357640E-03
         2.917,              ,  0.000000    ,  599.3541    ,  2916.074    ,  0.000000    ,  2916.074    ,  599.3541    ,  2316.720    ,  2316.672    ,-0.4791807E-01,-0.1363079E-02,  3515.428    ,  75332.02    ,  114430.8    ,-0.4203319    ,-0.3673242E-03,-0.3673242E-03
         3.000,              ,  0.000000    ,  660.3740    ,  2916.094    ,  0.000000    ,  2916.094    ,  660.3740    ,  2255.720    ,  2255.664    ,-0.5622995E-01,-0.1572220E-02,  3576.468    ,  77587.68    ,  118007.2    ,-0.4765618    ,-0.4038412E-03,-0.4038412E-03
         3.083,              ,  0.000000    ,  648.0551    ,  0.000000    ,  0.000000    ,  0.000000    ,  648.0551    , -648.0551    , -648.0703    ,-0.1517475E-01,-0.2341584E-02,  648.0551    ,  76939.61    ,  118655.3    ,-0.4917366    ,-0.4144245E-03,-0.4144245E-03
         3.167,              ,  0.000000    ,  482.5099    ,  0.000000    ,  0.000000    ,  0.000000    ,  482.5099    , -482.5099    , -482.5156    ,-0.5695339E-02,-0.1180357E-02,  482.5099    ,  76457.09    ,  119137.8    ,-0.4974319    ,-0.4175265E-03,-0.4175265E-03
         3.250,              ,  0.000000    ,  302.7160    ,  0.000000    ,  0.000000    ,  0.000000    ,  302.7160    , -302.7160    , -302.7266    ,-0.1056701E-01,-0.3490734E-02,  302.7160    ,  76154.37    ,  119440.5    ,-0.5079989    ,-0.4253154E-03,-0.4253154E-03
         3.333,              ,  0.000000    ,  183.7601    ,  0.000000    ,  0.000000    ,  0.000000    ,  183.7601    , -183.7601    , -183.7578    , 0.2239557E-02, 0.1218740E-02,  183.7601    ,  75970.61    ,  119624.3    ,-0.5057594    ,-0.4227899E-03,-0.4227899E-03
         3.417,              ,  0.000000    ,  114.0799    ,  0.000000    ,  0.000000    ,  0.000000    ,  114.0799    , -114.0799    , -114.0781    , 0.1765808E-02, 0.1547869E-02,  114.0799    ,  75856.53    ,  119738.4    ,-0.5039936    ,-0.4209124E-03,-0.4209124E-03
         3.500,              ,  0.000000    ,  74.76305    ,  0.000000    ,  0.000000    ,  0.000000    ,  74.76305    , -74.76305    , -74.76562    ,-0.2578720E-02,-0.3449191E-02,  74.76305    ,  75781.77    ,  119813.1    ,-0.5065723    ,-0.4228020E-03,-0.4228020E-03
         3.583,              ,  0.000000    ,  50.86711    ,  0.000000    ,  0.000000    ,  0.000000    ,  50.86711    , -50.86711    , -50.85938    , 0.7738985E-02, 0.1521412E-01,  50.86711    ,  75730.91    ,  119864.0    ,-0.4988333    ,-0.4161661E-03,-0.4161661E-03
         3.667,              ,  0.000000    ,  35.51525    ,  0.000000    ,  0.000000    ,  0.000000    ,  35.51525    , -35.51525    , -35.51562    ,-0.3768548E-03,-0.1061107E-02,  35.51525    ,  75695.39    ,  119899.5    ,-0.4992102    ,-0.4163571E-03,-0.4163571E-03
         3.750,              ,  0.000000    ,  24.89600    ,  0.000000    ,  0.000000    ,  0.000000    ,  24.89600    , -24.89600    , -24.89844    ,-0.2434600E-02,-0.9779080E-02,  24.89600    ,  75670.49    ,  119924.4    ,-0.5016448    ,-0.4183008E-03,-0.4183008E-03
         3.833,              ,  0.000000    ,  17.34677    ,  0.000000    ,  0.000000    ,  0.000000    ,  17.34677    , -17.34677    , -17.34375    , 0.3022906E-02, 0.1742633E-01,  17.34677    ,  75653.15    ,  119941.8    ,-0.4986219    ,-0.4157200E-03,-0.4157200E-03
         3.917,              ,  0.000000    ,  11.41181    ,  0.000000    ,  0.000000    ,  0.000000    ,  11.41181    , -11.41181    , -11.41406    ,-0.2256257E-02,-0.1977125E-01,  11.41181    ,  75641.73    ,  119953.2    ,-0.5008781    ,-0.4175614E-03,-0.4175614E-03
         4.000,              ,  0.000000    ,  8.145032    ,  0.000000    ,  0.000000    ,  0.000000    ,  8.145032    , -8.145032    , -8.148438    ,-0.3405347E-02,-0.4180889E-01,  8.145032    ,  75633.59    ,  119961.3    ,-0.5042835    ,-0.4203717E-03,-0.4203717E-03
         4.083,              ,  0.000000    ,  6.055830    ,  0.000000    ,  0.000000    ,  0.000000    ,  6.055830    , -6.055830    , -6.062500    ,-0.6670271E-02,-0.1101463    ,  6.055830    ,  75627.52    ,  119967.4    ,-0.5109537    ,-0.4259106E-03,-0.4259106E-03
         4.167,              ,  0.000000    ,  4.579021    ,  0.000000    ,  0.000000    ,  0.000000    ,  4.579021    , -4.579021    , -4.562500    , 0.1652058E-01, 0.3607886    ,  4.579021    ,  75622.96    ,  119971.9    ,-0.4944331    ,-0.4121240E-03,-0.4121240E-03
         4.250,              ,  0.000000    ,  3.415426    ,  0.000000    ,  0.000000    ,  0.000000    ,  3.415426    , -3.415426    , -3.421875    ,-0.6449230E-02,-0.1888265    ,  3.415426    ,  75619.54    ,  119975.4    ,-0.5008824    ,-0.4174877E-03,-0.4174877E-03
         4.333,              ,  0.000000    ,  2.787251    ,  0.000000    ,  0.000000    ,  0.000000    ,  2.787251    , -2.787251    , -2.789062    ,-0.1811895E-02,-0.6500652E-01,  2.787251    ,  75616.75    ,  119978.1    ,-0.5026943    ,-0.4189881E-03,-0.4189881E-03
         4.417,              ,  0.000000    ,  2.423708    ,  0.000000    ,  0.000000    ,  0.000000    ,  2.423708    , -2.423708    , -2.437500    ,-0.1379214E-01,-0.5690514    ,  2.423708    ,  75614.31    ,  119980.6    ,-0.5164864    ,-0.4304750E-03,-0.4304750E-03
         4.500,              ,  0.000000    ,  2.132672    ,  0.000000    ,  0.000000    ,  0.000000    ,  2.132672    , -2.132672    , -2.125000    , 0.7671728E-02, 0.3597238    ,  2.132672    ,  75612.19    ,  119982.7    ,-0.5088147    ,-0.4240734E-03,-0.4240734E-03
         4.583,              ,  0.000000    ,  1.889833    ,  0.000000    ,  0.000000    ,  0.000000    ,  1.889833    , -1.889833    , -1.875000    , 0.1483324E-01, 0.7848967    ,  1.889833    ,  75610.31    ,  119984.6    ,-0.4939814    ,-0.4117041E-03,-0.4117041E-03
         4.667,              ,  0.000000    ,  1.683761    ,  0.000000    ,  0.000000    ,  0.000000    ,  1.683761    , -1.683761    , -1.687500    ,-0.3738542E-02,-0.2220352    ,  1.683761    ,  75608.62    ,  119986.3    ,-0.4977200    ,-0.4148141E-03,-0.4148141E-03
         4.750,              ,  0.000000    ,  1.507537    ,  0.000000    ,  0.000000    ,  0.000000    ,  1.507537    , -1.507537    , -1.523438    ,-0.1590079E-01, -1.054753    ,  1.507537    ,  75607.10    ,  119987.8    ,-0.5136208    ,-0.4280609E-03,-0.4280609E-03
         4.833,              ,  0.000000    ,  1.355624    ,  0.000000    ,  0.000000    ,  0.000000    ,  1.355624    , -1.355624    , -1.351562    , 0.4061268E-02, 0.2995867    ,  1.355624    ,  75605.75    ,  119989.1    ,-0.5095595    ,-0.4246714E-03,-0.4246714E-03
         4.917,              ,  0.000000    ,  1.223155    ,  0.000000    ,  0.000000    ,  0.000000    ,  1.223155    , -1.223155    , -1.210938    , 0.1221783E-01, 0.9988784    ,  1.223155    ,  75604.54    ,  119990.4    ,-0.4973417    ,-0.4144847E-03,-0.4144847E-03
         5.000,              ,  0.000000    ,  1.106844    ,  0.000000    ,  0.000000    ,  0.000000    ,  1.106844    , -1.106844    , -1.101562    , 0.5281039E-02, 0.4771260    ,  1.106844    ,  75603.44    ,  119991.5    ,-0.4920606    ,-0.4100797E-03,-0.4100797E-03
         5.083,              ,  0.000000    ,  1.009585    ,  0.000000    ,  0.000000    ,  0.000000    ,  1.009585    , -1.009585    , -1.015625    ,-0.6039741E-02,-0.5982398    ,  1.009585    ,  75602.42    ,  119992.5    ,-0.4981004    ,-0.4151097E-03,-0.4151097E-03
         5.167,              ,  0.000000    , 0.9190663    ,  0.000000    ,  0.000000    ,  0.000000    , 0.9190663    ,-0.9190663    ,-0.9140625    , 0.5003803E-02,  0.000000    , 0.9190663    ,  75601.51    ,  119993.4    ,-0.4930966    ,-0.4109364E-03,-0.4109364E-03
         5.250,              ,  0.000000    , 0.8405457    ,  0.000000    ,  0.000000    ,  0.000000    , 0.8405457    ,-0.8405457    ,-0.8281250    , 0.1242070E-01,  0.000000    , 0.8405457    ,  75600.68    ,  119994.2    ,-0.4806759    ,-0.4005825E-03,-0.4005825E-03
         5.333,              ,  0.000000    , 0.7709792    ,  0.000000    ,  0.000000    ,  0.000000    , 0.7709792    ,-0.7709792    ,-0.7968750    ,-0.2589585E-01,  0.000000    , 0.7709792    ,  75599.88    ,  119995.0    ,-0.5065717    ,-0.4221607E-03,-0.4221607E-03
         5.417,              ,  0.000000    , 0.7090124    ,  0.000000    ,  0.000000    ,  0.000000    , 0.7090124    ,-0.7090124    ,-0.7031250    , 0.5887425E-02,  0.000000    , 0.7090124    ,  75599.18    ,  119995.7    ,-0.5006843    ,-0.4172518E-03,-0.4172518E-03
         5.500,              ,  0.000000    , 0.6533506    ,  0.000000    ,  0.000000    ,  0.000000    , 0.6533506    ,-0.6533506    ,-0.6406250    , 0.1272563E-01,  0.000000    , 0.6533506    ,  75598.54    ,  119996.4    ,-0.4879587    ,-0.4066445E-03,-0.4066445E-03
         5.583,              ,  0.000000    , 0.6036172    ,  0.000000    ,  0.000000    ,  0.000000    , 0.6036172    ,-0.6036172    ,-0.6093750    ,-0.5757802E-02,  0.000000    , 0.6036172    ,  75597.93    ,  119997.0    ,-0.4937165    ,-0.4114408E-03,-0.4114408E-03
         5.667,              ,  0.000000    , 0.5586550    ,  0.000000    ,  0.000000    ,  0.000000    , 0.5586550    ,-0.5586550    ,-0.5625000    ,-0.3844998E-02,  0.000000    , 0.5586550    ,  75597.37    ,  119997.5    ,-0.4975615    ,-0.4146431E-03,-0.4146431E-03
         5.750,              ,  0.000000    , 0.5181310    ,  0.000000    ,  0.000000    ,  0.000000    , 0.5181310    ,-0.5181310    ,-0.5156250    , 0.2505953E-02,  0.000000    , 0.5181310    ,  75596.85    ,  119998.1    ,-0.4950555    ,-0.4125530E-03,-0.4125530E-03
         5.833,              ,  0.000000    , 0.4816326    ,  0.000000    ,  0.000000    ,  0.000000    , 0.4816326    ,-0.4816326    ,-0.4765625    , 0.5070139E-02,  0.000000    , 0.4816326    ,  75596.38    ,  119998.5    ,-0.4899854    ,-0.4083262E-03,-0.4083262E-03
         5.917,              ,  0.000000    , 0.4486326    ,  0.000000    ,  0.000000    ,  0.000000    , 0.4486326    ,-0.4486326    ,-0.4531250    ,-0.4492397E-02,  0.000000    , 0.4486326    ,  75595.92    ,  119999.0    ,-0.4944778    ,-0.4120683E-03,-0.4120683E-03
         6.000,              ,  0.000000    , 0.4186513    ,  0.000000    ,  0.000000    ,  0.000000    , 0.4186513    ,-0.4186513    ,-0.4218750    ,-0.3223700E-02,  0.000000    , 0.4186513    ,  75595.50    ,  119999.4    ,-0.4977015    ,-0.4147533E-03,-0.4147533E-03
